7.236485330579901287e+00 -3.570312514104741902e-02 -2.841088365551092565e+00 3.874223016175468853e-02
5.494152811143419690e+00 -4.165830472471791168e+00 -6.012789166681156150e-01 1.497805722622254920e-01
1.296198759632424480e+00 9.131967171186200494e-01 -1.575761661422311333e+00 -1.043199880170814886e+00
2.300550236395187964e-01 -1.564758379111507391e+00 -8.025298145592375532e-01 -6.505326314475572413e-01
7.588784832878168185e-01 -1.608532443164807368e+00 -1.515093918085916425e+00 -1.076067938615312025e+00
1.743079245427742174e-02 -3.459343390507604976e+00 3.069193566285517982e-01 4.755754619690213958e-01
6.619726355988444944e+00 -6.003277190483514936e+00 9.893657708282470598e-01 -2.886701199004988894e+00
4.149097346144077214e+00 7.674885388323807733e-01 -8.879795687164140361e-01 -8.345793465664731389e-03
4.465443932512569436e-01 -2.787707479457183446e+00 4.443862886450017369e-01 4.720101736756386890e-01
2.498438883644705122e+00 2.278482343834985269e+00 1.319470677721327201e+00 -1.180803140020644904e+00
1.037479404780708236e+01 1.672011107265752639e+00 -1.877013235310410089e+00 -2.356105863383857191e+00
3.316324115786351001e+00 -3.939152476796014657e+00 -2.054568685547899509e-01 -2.118210518633127482e+00
9.817275428263873005e-01 -2.210430037746771159e+00 -1.699920415343196822e+00 9.709767741502902672e-01
4.207220622381283803e+00 1.176242602076350785e+00 -1.590022902883997835e+00 -9.788218197351487015e-01
3.473197337011200148e+00 -2.277848436718016956e+00 -1.238676191080692934e+00 -1.113178337694820330e+00
4.342379188341245033e+00 4.861083833448367031e+00 -2.816107226677112330e+00 -1.454596472953116448e+00
2.238883312646760437e+00 -2.690031661914525696e+00 -1.639919023323257896e+00 1.493691474388841867e-01
1.166871465486238968e+01 4.748616658832490067e+00 2.005870964523041700e+00 3.190873183903170096e-01
6.351746780145417048e+00 7.727174781439080320e+00 -4.341903783673180861e+00 -3.375263923207081351e+00
2.524975754849433929e-01 -5.313522137085954222e-01 5.893173439031167415e-01 -1.104904977745363726e-01
3.782026460024308534e+00 8.603812076089460970e-01 3.670994679946802730e+00 2.047848467063499101e+00
4.554590066488330535e+00 3.086639056217628241e+00 -2.270406489142753337e+00 -2.191105407255198312e+00
6.059445506426728301e+00 -7.571768389358876084e-01 -3.492299531424090664e-01 -1.064259747912988052e+00
1.318068478829109491e+00 2.154479300408008058e+00 -1.786635616801060866e+00 -1.015679947404495714e-02
3.064053887723061642e+00 -1.876552504015275735e+00 2.581745471322868024e+00 1.284938681811494954e-01
2.735011777135497812e+00 -3.945168701685985546e+00 -1.717666863131695962e-02 3.001435355872743016e-01
6.149886192894674863e+00 -2.017652988042557993e+00 -1.566147626453527675e+00 9.716648932409772677e-01
3.519248276311619517e+00 -3.858607216193242540e+00 -1.022530605246086965e+00 1.384152441183070570e+00
7.143842034168597976e+00 -2.074841822898237265e+00 1.088393792874271071e+00 7.163039852512267380e-01
3.288235394199725548e+00 -1.668237862474637012e+00 1.469190876078516894e-01 4.375519155907141022e-01
-2.150953470307703785e+00 -1.923991645848879495e+00 -1.180484753221112681e+00 -1.113195111809267779e+00
3.350295791850568250e+00 -2.154570122534277488e+00 -1.108945499416810865e+00 -4.348998340585617406e+00
3.510262611200694494e+00 2.171624506993204307e+00 -3.894556195248158215e+00 -1.295716178596848289e+00
4.703500741162363497e+00 -1.959565936259274888e-01 3.757020112392327693e+00 -1.004171761966673460e+00
2.647568631575673237e+00 -3.951172856522649823e+00 1.371883290518594256e+00 2.078088394264419048e-01
8.185034471756056362e+00 2.700975327108289914e+00 5.730212639267198149e+00 -1.112172082916148996e+00
1.277027163570949142e+00 -2.443257975435352503e+00 2.466332620065093462e+00 -1.299624419276662057e-01
1.256675122534843370e+00 3.823923979202945023e-01 -3.838334524870908648e+00 -7.168551168883285918e-01
9.007165532075456227e+00 5.810305791577029533e-01 -3.134722807257728672e+00 -8.622363205038764411e-01
3.319673976117027969e+00 -1.577053216005156466e+00 1.360722232448693392e+00 -6.941128082460412685e-01
1.314099005671738762e+00 -1.775425990988777292e+00 -1.672634696751182926e+00 6.946343994098769237e-01
2.611484891589104240e+00 1.561421859981086069e+00 -2.181846624767462550e-01 -4.927855525929222824e-01
7.353218574660611573e+00 -5.242623109967377459e+00 3.169562752485202695e-01 4.320385999822021761e-01
-2.385882753880793405e+00 -8.241159607360393213e-01 1.983957310661798479e+00 5.528347577102211974e-02
1.812305404910036888e+00 7.227402252055776799e-01 -1.466249499466962147e+00 -1.198728740287383854e+00
5.380940399843352928e+00 -1.348763836686489859e-01 -1.678833098634267884e+00 1.507652013396358903e+00
2.790399828969185592e+00 3.385560803177623423e+00 -7.530758922398763655e-01 -1.333183327921657391e+00
2.107801216159689961e+00 1.121974923390135492e+00 1.775173736237658950e+00 2.626045200105642241e-01
-2.935465488015669422e-01 -1.370992517374943209e-01 -3.301934874729752778e+00 -1.009771605058966459e+00
-9.980689037681670372e-01 -3.351292734528879436e+00 4.305577349298179257e+00 -5.612301027982623536e-01
1.803247019892638692e+00 1.664609963964466810e-01 -2.628598954174438784e+00 -6.437452843619124732e-01
7.652641153318381351e-01 8.862439508250741227e-01 -2.704918309264158438e+00 -2.747792252227340692e-01
5.255544949005305000e+00 3.894531078042926531e+00 -8.338526370343204430e-01 1.681598832680004652e+00
3.334133202279282226e+00 -1.325557720945099494e+00 7.280079066019151668e-01 1.003225350888113709e+00
2.171416020123047907e+00 -2.826260878356632311e+00 -5.621098704176221705e-01 -6.608201821857042635e-01
3.583563631716528697e+00 -2.206662333119933983e+00 -1.704543378659106434e+00 -8.012590419167172628e-01
3.795565639711510730e+00 -1.026232461564521747e+00 8.986385851172862260e-01 -7.604741925350950726e-01
3.378250871548366341e+00 -3.371227789836593214e+00 -1.766776252004372383e+00 -2.077963150324302788e+00
4.442342816442257813e+00 -9.924387644503357420e-01 1.442321323495396657e+00 -5.750457095360306248e-01
3.635014950384493737e+00 -1.956441220503740697e+00 -8.287800964144672600e-01 1.379774705305490956e+00
8.741338086133261243e+00 -5.738554174667327423e-01 8.970783490556366591e-01 3.852045105219480958e-01
3.648761550682522725e-01 -3.574461488587907798e+00 -2.223982820085421253e+00 2.231880861209043221e-01
5.307140025247700343e+00 -6.723415257232958631e+00 1.485660586220543200e+00 1.776531045053502122e+00
9.036589479374768530e+00 -6.551727483199887292e-01 2.212813483152065441e-01 -7.647376001858459116e-01
4.554782680372766457e+00 3.375368958102186734e-01 -7.542895661013093722e-01 -7.003797069009264353e-01
-8.104137627417942191e-01 -2.659276185660897074e+00 -4.888407758621239885e-01 -1.672516363004005413e+00
4.094142556267718724e+00 2.802927337297959731e+00 -5.074321007872102385e-01 -1.977324366525680110e+00
4.418010926117132975e+00 1.418669494863214808e+00 -2.270332385836848488e+00 -1.862096780177047994e-01
5.165410952014839907e+00 -2.382203526655607639e+00 -4.222820885926127921e-01 8.834504837541808930e-01
2.902236111204475222e+00 4.005294949531989168e+00 -3.001470825834911427e+00 -3.252808466685392363e-01
4.100787713756408159e+00 -3.788027236367567108e-01 1.446334669437249421e+00 7.022906047477580627e-01
4.956725568368017143e+00 2.384846341744057963e+00 -1.935104867004046048e+00 -6.108515392245803532e-01
7.182933112351887139e+00 5.514519027853410915e-02 2.012904376718284816e+00 8.283718301787801330e-02
-4.328602202011713751e-01 -1.392044336106614377e+00 -8.272035159292889794e-02 -1.935274997301672739e+00
3.824433038298016285e+00 2.305236708819548230e+00 2.755248432865155597e-02 6.702297902768585836e-01
2.819368344905278878e+00 1.265103013543417365e+00 -2.153146238956625158e+00 2.708467953345946810e+00
3.379014666531744204e+00 -2.333428875118172208e+00 -1.201930583328575386e+00 5.536042283718441981e-01
5.930964864324376862e+00 1.228296293222988833e+00 1.721581308770208540e+00 -4.735515962575133631e-01
1.093429816042756109e+01 -3.703254220138868735e+00 -8.916964392268106332e-01 2.343519340411960528e+00
-6.746192833887975082e-01 -2.116409899584963838e+00 -1.396222695166550398e+00 -1.043124247674368954e+00
4.604790823855609005e-01 3.941670014968067237e-01 -1.004687266575466920e+00 1.075337114237742808e+00
4.960268118899310963e+00 -1.341123137968623258e+00 -1.457054655255936026e+00 -1.468190643566189113e+00
3.245413648147768448e+00 -1.778358577298380094e+00 -1.793152719276353002e+00 -2.485064312193606906e+00
1.228501973918486811e+01 -7.543408468374336984e+00 1.011245039980699545e+01 5.194142471472326328e+00
2.472356909710307526e+00 -1.499824154484055816e+00 5.914627108678967016e-01 -2.267394423853430485e+00
1.649460697270991760e+00 -2.102291164599544793e+00 -9.752733749223717608e-01 1.880532684073751293e-01
4.943581012890629012e+00 -2.848324335378179750e+00 9.138809364513018618e-01 3.351744918451544653e-01
4.975162363774360941e+00 -1.332572619193532759e+00 8.709703189636324172e-01 -1.292097419282459914e+00
-1.976840350431610327e+00 -4.193878495506542237e-01 -3.805817276283491313e-01 -1.739429573188472800e+00
-2.230926051582962366e-01 -7.018216357807901540e-01 -2.270764260635107057e+00 9.986413717599403883e-01
7.676149469477579146e+00 -3.075306124525869933e+00 1.481962671320763647e+00 5.523866146045803838e-01
3.765932145872146197e+00 5.985296040043937893e+00 -4.880349941851322981e+00 -1.120924224540170044e+00
8.510142677703118608e-01 -2.306735798406753801e+00 5.674548180121887775e-01 -4.359209946093759586e-02
3.935302076556391970e+00 -1.948071821710785967e+00 1.389762873184231085e+00 2.940656095493223265e+00
7.259178850633505320e+00 -5.495736570504579532e+00 1.910912791252710408e+00 1.895775621989228776e+00
6.227025996750138681e+00 -1.390110366188521684e+00 2.734226438632898049e+00 -1.093111572707078816e+00
-9.340908128866491911e-01 -2.105945395304419154e+00 1.432920253472427019e+00 -2.894276873171286013e+00
1.785949977297334401e+00 -2.692213786063986647e-01 -1.722511239572108499e+00 1.032668370014015125e+00
3.284372609098218376e+00 -9.906722764415853977e-01 2.554400725556181584e+00 -1.228914975144233257e-01
3.421259132739210007e-01 -9.682792119333368808e-01 1.717172525635490832e+00 -5.950080160089276093e-01
8.733861520378079391e+00 3.279875956886953769e+00 2.903676899648364618e+00 -2.770826645578995939e-01
4.680166267935291557e+00 -9.685934438829491011e-01 -2.912795679426506967e-01 -1.074239905209096291e+00
8.403847127801421735e+00 -4.153905994348523478e+00 4.695026549397944560e-02 -5.517561886109544345e-01
1.895316275076744494e+00 -2.392237901449906001e+00 -1.676489683295770083e+00 7.120215102685160113e-01
2.985340790260265997e+00 7.584231106925229948e-01 -3.493763657605175599e+00 5.426625440352743357e-02
1.305612184307672230e+01 9.815145701561475144e-01 5.988338745640464644e-01 1.472835058363614280e+00
1.715309726683400315e+00 -1.523705034052749152e+00 1.461869086957689745e-01 1.911387366103918684e+00
2.637255773066445208e+00 5.771553454856876986e-01 -1.994694153651308532e+00 2.725222510239274087e-01
2.956301866544177148e+00 7.064219115029692908e-01 -1.042334639380875227e+00 -5.221534174849066234e-01
4.298077329752029385e+00 -4.666275171123501764e+00 -6.840699051583048161e-03 -3.653384914136995398e+00
3.213916764824332972e+00 4.046756228688223267e+00 -2.715384379527807646e+00 1.328623686907638879e+00
6.076079411124837293e-01 1.622148636068769245e-01 1.637380321474950273e+00 -1.114536955767416293e+00
4.643691310771026259e+00 -1.482016667806488330e+00 -1.170672747768825905e+00 -1.218641849849017023e+00
6.289673456695610732e+00 2.036548475248464385e+00 -3.182064880488445713e+00 1.554642051622954768e-01
3.475493755340789193e+00 -1.672885004299517586e+00 8.568171340198096342e-01 -1.156722126021278552e+00
6.590235944754677000e+00 -1.484862592164442274e+00 3.613379808966107332e-01 1.188454022591102666e+00
7.672141550845747560e+00 -8.604839949686060585e-01 -2.153647725778445210e+00 2.547117188244726327e-01
1.428167593550844217e+00 -1.967101454902953517e+00 1.111938073193339038e+00 7.529159366051992874e-01
6.003616596219435664e+00 -9.102963712148165465e-02 1.711195124443239957e+00 9.474056470008571651e-01
5.034811084393589375e+00 7.744092983010625320e-01 2.682339195183744973e+00 -1.666505649125636257e+00
7.122953211836532184e+00 1.027558793234591761e+01 -3.232808495985332708e+00 1.526333296989738908e-01
3.103519706461054461e+00 -1.236153436247496407e+00 1.287351683155495863e+00 6.086643614029778604e-01
8.630755872764590109e+00 -3.459453073703684822e+00 -1.790748599442854583e-01 1.177246334695885688e+00
9.192836836372173082e+00 1.948582263215856702e+00 -1.123179287088758471e+00 3.633793809303330846e+00
1.691607921910683432e+00 1.540676679456377540e+00 -1.799843603353161070e+00 -1.390594858707396186e+00
2.775865567482766583e+00 5.580006794674527981e-01 -6.057690494842911111e-01 4.998215832603341013e-01
1.631923322286608169e+01 -7.775852111507941977e+00 6.235426268180807696e+00 2.328020350364248259e+00
-3.853539736247817871e+00 -1.524726189853121250e+00 -1.144505776020720678e+00 8.150314696746545629e-01
-3.894697331381090422e+00 5.385709941388583388e-01 -8.815547666774564695e-01 1.038781249246118366e+00
-2.235156888338416081e+00 -1.298704479296315828e+00 -9.014365894398469470e-01 4.340921325399518804e-01
-6.817688652469227062e-01 -1.135991172098566038e+00 1.233665723654258306e+00 -3.864496817451435362e+00
-2.785924751541882571e+00 2.310648284637892402e+00 4.727184277038619653e-01 -1.607128769065394369e+00
-3.347821935929861326e+00 -6.856352060500381373e-02 -2.702008542906853550e-01 -6.276018896644803835e-01
-2.373501803473347493e+00 -7.334024514904918801e-01 -1.526025476840103812e+00 1.853319599881092961e+00
-8.260392983332013328e-01 -1.250246978491836192e+00 2.679685596255823588e-01 2.310590990627246377e+00
-3.067503966742932131e-01 2.184998679098304031e+00 3.928371610183053336e-02 -4.864434867901337722e-01
-2.847431581679887191e+00 -2.893647997048301779e+00 5.279822733528020118e-01 5.988485574610442619e-01
-2.767435705526544165e+00 -2.161048578615854421e+00 -2.109261376647716263e-02 1.610258908004235323e+00
-1.810380563175874924e+00 3.962076609558406459e-01 -1.230328497064439919e+00 1.276630562351533271e+00
-3.639135963235113458e+00 1.589586739073067800e+00 7.162745774706463786e-01 6.704095264419991373e-01
-2.998710530875963176e+00 -3.967778008443660909e-01 -5.964624272293567175e-01 -2.080604308904919209e-01
-2.931187052773776447e+00 -4.948564070245942137e-01 -1.017074378616212194e+00 -1.686404256640746890e+00
-1.408771216061082576e+00 1.505770717553582605e+00 -3.538937541021206501e-01 1.121729585128769413e+00
-4.975702060082238809e+00 -3.386205030661218807e+00 4.398356941459799496e-01 -1.577557233761675892e+00
-4.871239385275617728e+00 -2.339214632899744295e+00 -1.682924127692720373e-01 6.948790164902629574e-01
-2.680441621090814852e+00 -1.484709148505236831e+00 -1.741697206050656144e+00 1.023507771582120585e+00
-3.310283625430880061e+00 1.557415911532240294e-01 5.414851091017502949e-01 -5.125122990688746327e-01
-5.276966196401225995e-01 1.265871798655525682e+00 -9.204382010164577910e-01 4.294573288367337094e-01
-3.012194968401601614e+00 2.437598365900589259e-01 1.983730777028640757e+00 1.679737364812052602e+00
-1.530100715460837701e+00 4.052172869079346262e-01 6.044566324306740457e-01 -3.471339264003686087e-01
3.591294126194453096e+00 3.926332561982150970e+00 2.046997002408601940e+00 -2.317190078940175035e-01
-1.773585072787404293e+00 8.042105807386097371e-01 -2.027909067093529139e+00 -6.873739563322575075e-01
-5.206581142860653433e-01 -9.733676487932318988e-01 -3.241326948741325986e-01 -5.440120337776442883e-01
-4.694923447627424196e+00 -7.674777314015726049e-01 1.543968336663632979e+00 -7.790348175983649037e-01
-3.711781153658884613e-01 1.136128142063655838e-01 -9.983611643485033049e-01 -1.553810946502644508e-01
-5.475243292603167333e+00 -6.706375689064238976e-01 1.490430067882672738e+00 -2.299093508713355494e+00
-5.351618114588435837e+00 1.026757834602955999e+00 3.249855471285433839e-01 1.368684257379078728e+00
-2.115960270426525902e+00 1.849374159213152957e+00 -5.566653982283181756e-01 -4.643942027617009027e-01
-1.726310918891835300e+00 9.981779297621389269e-01 -8.023691532745368116e-02 1.064640283826960188e+00
-2.455968813044651533e+00 8.984554855945184881e-01 3.531365767079414630e-01 -3.680058431156430498e-01
-2.836301441543940705e+00 -1.018126029590022741e+00 -1.486633783489372362e+00 4.564236929544437937e-01
-1.474919936210476790e+00 -1.591094314296368717e+00 3.199895504016551651e-01 -7.988234017996393987e-01
-2.240876049801962200e+00 -4.545898363971218603e-01 -4.655327104679144457e-01 1.887478628639239764e-01
-4.477584652157275968e+00 -1.741129651252397714e+00 -8.882118789645307988e-01 7.646746138073975407e-01
-2.097069164115025419e+00 3.667095439078839725e+00 3.632193872220899955e+00 1.539814824738749977e+00
-2.802771360824181102e+00 -1.666301289372792649e+00 -1.940129941736235819e-01 -2.233131308241750990e+00
-4.123278119637263095e-01 -3.896313845581288460e-01 -1.045771523791339641e+00 1.366250765478612683e+00
-4.019140245353021612e+00 -1.354246970078681223e+00 -3.604663369709275034e-01 -2.635827056116006428e+00
-2.968888794445018853e+00 -6.884723813968519901e-02 -7.784135986772076077e-01 -4.665622623866305663e-02
-4.747248518337478629e+00 -1.798401814494200890e+00 1.697229887535597337e-01 1.551597758152355677e+00
-3.536415297835012517e+00 -1.246853968192591644e+00 3.385414383526302196e+00 -4.666066829670673322e+00
-3.987799279629349880e-01 2.161213536331857199e+00 -9.455914074511078127e-01 3.724172938445586278e-01
-4.680211571506134760e+00 -1.103857597978964433e+00 -2.573141964653994362e-01 1.246505125366305089e+00
-5.390256375768175623e+00 5.562540061112916101e-01 5.600463559793126267e-01 4.719642555362328906e-01
1.259604636637228881e+00 1.015577968542142218e+00 -8.057876275477503236e-02 2.051270014320456081e+00
-2.787096006991079733e+00 -2.533034208400951393e+00 -8.840375617475395575e-01 -2.596605060231509943e-01
-4.657682335041715582e+00 -3.065387384393269077e+00 -7.600836000220582978e-02 1.508512866593994861e+00
1.551380583073491415e-01 -4.380081525544931575e-01 -4.614443216747663445e-01 -1.454541394820702438e+00
-2.614948310125223330e+00 -1.102474224221975607e+00 -1.240732249009635302e+00 9.094582979955538882e-01
-2.659359615483416484e+00 5.399358139587938643e-01 1.707014895769117357e+00 1.201750466757483871e+00
-1.399296352458163639e+00 -1.772226066037799752e+00 -1.479558440214664428e+00 1.308093338360802882e+00
4.033094217019636551e-01 3.723433985055479845e+00 4.586468761561088847e+00 2.159116720053745608e-01
-3.261279476947057443e+00 -9.378377753907186642e-01 2.051354758877660667e-01 1.090046395595015927e+00
-9.691728111556202618e-01 9.449440411901510739e-01 -8.908155694756296761e-01 1.096552458758769388e+00
-4.429456366325950967e+00 -7.860364324808952752e-01 -4.734254157719518519e-01 -6.965882111067626115e-01
-1.350857307029820875e+00 3.695742215800095765e-01 2.486680449816582872e+00 -1.140738550896659209e+00
-2.473293093502455076e+00 -3.350470978925744192e-01 -1.482363200252589275e+00 4.652414635794138165e-01
-3.721459000377575599e+00 -1.787641029435834028e+00 1.279942814034535692e+00 1.155195105853711324e-01
-1.033504148426528935e-01 2.280142559446360462e+00 2.109547468596913333e+00 -3.517768083478652885e-01
-2.334233349574164951e+00 -1.348979796640377593e+00 2.326860644340731921e-01 -1.212910148363763652e+00
-4.087077359874151661e+00 -4.847101491505630411e-01 6.313626050836701475e-01 -3.402725598333237844e+00
-2.485883228205149287e+00 4.605966333747261721e-01 -5.989167950756314474e-01 9.987019440871631737e-01
-2.393275958652910429e+00 9.900302698913954202e-01 -7.575175429507575720e-01 1.555015508963327298e+00
-6.198387317330045221e-01 6.363485307661220780e-01 -4.888628360750887358e-01 -1.510153523070983418e-02
-2.431551454401115198e+00 3.447203815959424045e+00 3.456944223788970483e+00 4.936620544091379625e-01
-1.578161238314868431e+00 5.728084755058363564e-01 -1.801441931365272309e+00 1.125252435410271534e+00
-3.518648337681528737e+00 -6.583096140780219097e-01 5.913724162704716569e-01 -1.078917076244998580e-02
-1.249760532256090739e+00 1.595684450841225788e+00 -1.356464586449384724e+00 1.262195907422200836e-01
-3.213500987839319034e+00 1.103443740720076338e+00 1.611990987360869543e+00 -4.864795868193236283e-01
-4.064270591122318699e+00 -5.609547880160655753e-01 2.176675975521623840e+00 1.375908457198183221e+00
-7.492713600874686408e-01 1.797638831162148509e+00 -5.683609288770710144e-01 -5.605210845421840782e-01
-1.938969497513482354e+00 2.544988161332506049e+00 -1.001422498949992912e+00 2.573453770819131986e-02
-3.676413292062223004e+00 -1.291629150561900419e+00 4.246086275300464119e-01 -4.601702046483688413e+00
-3.210967972248833568e+00 -2.235142992482674007e+00 -1.662290072658417772e-01 1.130078737691820212e+00
3.465281120984746166e-01 1.541225330338680255e+00 2.846455170251573463e+00 1.909803310549669009e+00
1.408868359102525059e+00 1.304929774761770300e+00 6.414344461856624768e-01 1.886930735662195824e+00
-3.074435830972895189e+00 -3.060584746143917290e-01 1.259252955963134024e+00 -2.208623288885326552e+00
-2.985484692109841909e+00 -6.733390894443052055e-01 -5.904873594582232821e-01 -5.943622445835917700e-01
-2.582555835518852039e+00 7.292129817309329631e-01 -5.481451974364116575e-01 -2.332066773013512062e+00
-5.007378040685331877e-01 1.067317921378674733e-01 -1.028742924588728958e+00 -3.049074151141131228e-01
-3.900526850280563007e+00 7.307761413767906999e-01 2.136073979729995909e+00 -7.811881729607841329e-01
-4.027542391405830813e+00 -2.542906769262316402e+00 3.532214389273943267e-01 1.514367891535147725e+00
-1.654521844532805819e+00 -4.555664243349015763e+00 7.523213270411236442e-01 1.648330455899101654e+00
-1.257251561001685669e+00 1.067690662336240104e+00 2.594618144183833408e-01 -1.241691135445701866e+00
-3.172370489961024553e+00 -2.089052162080021979e+00 -9.788033945971232885e-01 3.870856515512322016e-01
-1.928795415822817327e+00 1.461470907611242431e+00 -1.006244403711956670e-01 1.820679827335379919e+00
-2.194984304351704107e+00 -1.805352959481064445e+00 -4.351049794203961096e-01 9.539226760348814560e-01
-2.373428723522847505e+00 -1.681576356128516858e+00 3.845261346734670793e-01 -3.016719549746487150e+00
-3.448183537311943159e+00 -1.424622764420313104e+00 -8.872921637980411835e-02 -1.710703085194809070e+00
-1.850089868978950891e+00 -1.584127410192031959e+00 1.263928906988493361e+00 -8.021560377600398528e-01
-3.067695142413086273e+00 1.135837732591799654e+00 3.746249776461746950e-01 -6.268645420011823566e-01
-3.838398618210201896e+00 8.991782690804969169e-01 7.005577923299263210e-01 -2.199100295162659258e-01
-2.895948204209448651e+00 -1.451635877074618275e+00 7.805442207774556662e-01 -2.970440199179200658e+00
-2.041664054903685077e+00 -9.032557030172166934e-01 2.843244924043130339e+00 -2.885847806656627768e+00
-3.193914143013663942e+00 5.793388188384400728e-01 4.897543758533569602e-01 4.463996898205591785e-02
-3.258007363568188541e+00 -4.183210424952905071e-01 -6.918002026024697715e-01 6.598290303154982217e-01
-1.457321356852169236e+00 -2.017267642569819108e-01 -1.098878770280606210e+00 -2.005775941193102874e+00
-2.136445287985303310e+00 9.583051162333912354e-02 -1.492397623385870231e+00 1.120998304318856942e+00
-4.038017141355941142e+00 -2.406980817743094303e-01 -1.328127244549602626e+00 2.440233922044501291e+00
-2.284331267752973460e+00 -2.466840169951209027e+00 -8.211792634782171252e-01 -4.084558565146519798e-02
3.134008190083989120e+00 4.273460944556573438e+00 5.866299348128018565e+00 5.965025420273813994e-01
-3.749313391567493436e+00 -1.413473510402893707e+00 1.732301884783894463e+00 -5.654169798285954007e-01
-1.929621736322948866e+00 8.924672061727770833e-01 4.235297197371921257e-02 -5.589220065999844778e-01
-2.514876420783317634e+00 1.142524612236142240e-01 -4.966202996042930473e-01 2.354336216518873481e+00
-2.461406651588840866e+00 6.008480151674218117e-01 -1.171464214151523020e+00 2.211049369191297131e+00
-1.911498579911051987e+00 -6.513934445784038685e-01 1.450295187016125364e+00 4.006732010592979343e-01
-3.066749523068237337e+00 -2.182096071217669575e+00 -2.790686569382416771e-01 -2.938529979935692982e+00
-9.866733685535356013e-02 -2.135594954228069442e-01 3.889351332238516479e-01 -1.012737581998171876e+00
-4.063862118751856656e+00 1.221687792399400313e-01 3.238778104912909850e+00 -3.469207781595364803e+00
-7.397430917420707575e-01 3.152521118460679173e+00 1.469865858399477476e+00 -3.149300618042432665e-01
-6.006161070438317262e-01 -8.384552166274272800e-01 -6.870505276329523792e-01 1.155372124505220643e+00
-2.333670739709491571e+00 7.901468540784207795e-01 -3.500394534050056405e-01 4.408416816040368058e-01
-3.139988427400558280e+00 -1.488022020225090225e+00 -1.198876267278728092e+00 4.534395664172671814e-01
-4.036607350721841847e+00 1.162545203857573206e+00 1.897331736894793675e-01 9.405863894570991590e-01
-2.600789506974161114e+00 -4.823352274476219170e-01 1.872376454131819523e+00 -4.380358744613575550e-01
-3.895780951935744474e-01 -6.144150617234841461e-01 -1.352862544991722205e+00 1.175160666729067716e+00
-3.299842010783229362e+00 -3.138709446232471389e+00 1.488915115912272380e-01 7.424947983484054825e-01
-2.284340261537813888e+00 9.494433425317340414e-03 -4.504269765190810348e-01 2.957214903015534246e-01
-4.176644984033281993e-01 1.165201935675646422e-01 -5.361346380316720506e-01 -3.642351896753859286e-01
-4.386732721715545402e+00 6.872344033101080753e-03 -9.481072619173328553e-01 2.798002092081657288e+00
-3.943473384064564158e+00 -2.030016082661064036e+00 6.917389627547341213e-01 5.133917053839994749e-01
-2.708393975452764391e+00 -2.196651303003012423e-01 -3.144951411580248490e-01 5.520892298261509401e-02
-2.136351230995271688e+00 1.518580852900465183e+00 1.789685752250677331e-01 -5.007921342441243873e-01
-9.826485797673764067e-01 7.972522702337341283e-01 2.369419324248003722e+00 1.569307105928563484e-01
-3.326079242530237678e+00 4.751710734172800987e-01 -8.982939577493616046e-01 8.135266159665824892e-01
1.322621413893983799e+00 4.789476968478235008e+00 -6.625285102119555791e-01 -1.021228738809420777e+00
-2.894310657189582248e+00 -9.779446284222104158e-01 -8.056493893045530985e-01 -1.720755141377473763e+00
-2.478359509942382743e+00 -1.418576646098727245e+00 -3.165365307249048410e-01 3.285186577208363268e-01
-1.877467367848488999e+00 1.423230993688225254e+00 -1.070806721527920002e+00 1.709307411246718145e+00
-1.669603934968974857e+00 8.623192307619038655e-01 -1.010300318774286055e+00 1.323869087008862522e+00
-3.430770698213551295e+00 -9.926094254496306002e-01 -7.316852266380420300e-01 1.343681579629020906e+00
-3.149653987349593010e+00 -1.771248100455999008e+00 -3.582902365555658969e-02 1.507218259258619408e+00
-2.012152429248308394e+00 -1.103486498762465295e+00 1.338025156636130086e+00 -1.615684990030724633e+00
-4.135962933941019770e+00 2.403791674695750391e+00 -1.242971307076819798e+00 2.048407098225695666e+00
-3.049924945163013046e+00 -2.237784132044915886e+00 -4.694467010312270427e-01 1.827451945181440829e-01
-7.516030104830246916e-01 -3.070648257388708391e+00 1.449188405011867298e+00 -9.534584468785327616e-01
-4.312129580472494617e+00 -1.978486315170886245e+00 -2.513094383090135331e-01 1.574924848406182187e+00
-3.143412247895234657e+00 -1.877408846847047119e+00 -6.703659204976422092e-01 3.033167870866750881e-01
-2.965999209583685570e+00 3.715067512092977142e-01 -2.066529158925270782e+00 2.072489434125690977e+00
-3.424518054754702945e+00 -2.445518461356078532e+00 4.504816328618481414e-02 7.861435808609243958e-01
-4.064025655318087793e+00 -1.246166475612604740e+00 5.744732719593651504e-01 1.705413017137938470e+00
-3.003605793037565697e+00 3.541600380944027182e-01 1.234011858013871255e+00 -7.174419490886605466e-01
-2.622338602887693604e+00 2.502101706829935601e+00 2.435001067316021839e+00 -1.878020886318088944e+00
-3.454895390627409135e+00 1.306939108160072083e+00 -2.925856875927328876e-02 3.304760129597350549e-01
1.370339861237205525e+00 2.110012506469042926e+00 -8.537014575549412010e-01 -7.238569591740395825e-01
2.953131804562607599e-01 2.269352549440699085e-01 -1.089412827824536523e+00 9.474046480659205072e-01
-3.393841769029492195e+00 7.539637127499489999e-01 1.771790292043470050e+00 -2.766605674487785382e-01
-3.174568801712384758e+00 -2.075733193403987986e+00 7.490684894954784123e-02 -1.869858251964862994e+00
-3.454718376350371933e+00 -2.136461208401781331e+00 1.971683505838081052e-01 1.534149752442809378e+00
-2.314132241703172888e+00 3.267989040290575353e+00 2.796214269635011185e+00 5.657728713491647632e-01
-4.870309521919050866e+00 -2.131105776744674607e+00 3.414194000726809897e+00 -5.134012747786493414e+00
-7.091148304505465738e-01 -1.568232422994574771e+00 -6.699958326235493367e-01 1.687272484001405060e+00
-4.506562506747918029e+00 -3.169272917562778069e+00 -1.880667676206830841e-01 3.911835592413924756e-01
-1.927678197312088004e+00 -1.137739504892713915e+00 4.782088027263234342e-01 -1.157530316155614969e+00
-3.352927048838052482e+00 2.673300210189237358e+00 -1.779093359870463020e+00 1.389615289342004623e+00
-1.837281663776421547e+00 -9.102723261914386077e-02 -1.445288397159249394e+00 6.725836883458704563e-01
-2.398665347422758831e+00 -2.507446938877831433e-01 -3.271361681294583934e-01 -2.773807398275308644e-01
-4.346014063510937220e+00 -3.219772822411383073e-01 3.884871411482645476e-01 1.107089764037472834e+00
-2.615317411120065216e+00 -1.832060442357030139e+00 7.643293787526360683e-01 -8.231651659301174595e-01
-4.138882577046749667e+00 -1.376507934253443866e+00 8.780537071161050866e-01 -5.988038791411817025e-02
-2.553258405285066424e+00 -7.639006644778120192e-01 -1.609406190083372712e+00 5.994259249060365086e-02
-2.418719905779444179e+00 5.552216808391624916e-03 -7.983834817275549112e-01 -7.087806521313422259e-02
-2.025037168242901142e+00 1.261242246280801949e+00 5.049314345568525209e-01 -1.135551552387880303e+00
-2.858158439403926998e+00 1.527230788817185159e-01 4.289339441152176247e-01 4.830649788142820644e-01
-8.345178991758190890e-01 1.965606353300926701e+00 7.904559282135333875e-01 3.437523813160603403e+00
-2.756932992827181295e+00 1.086834817423365740e+00 1.707240313076341609e+00 -5.168413420925664914e-01
-3.252315762136720689e+00 1.285924638214776428e+00 -2.184849792385362144e-01 3.078480512168196848e-01
-2.819038509164093043e+00 -9.701105940763546931e-01 -3.825920257878466235e-01 4.637935418805277932e-01
2.317390606795489916e+00 4.389134279028231944e+00 1.778410486690675585e+00 9.694182283727753591e-01
-4.178368670060198520e-01 -8.085765567948072219e-01 -1.093291404550949864e+00 -8.972985898517744918e-02
-2.176916881329979070e+00 9.589113867048798534e-01 -2.342626973223676801e-01 1.854461697627731942e+00
-1.249258099816557221e+00 -1.588838533039904855e+00 -3.264092163738724350e-01 -9.253425135092292475e-01
-3.502201035527827688e+00 1.800832049331117179e+00 2.766449934018500922e+00 -8.662776503796986161e-01
-3.288349591575675301e+00 2.013111459031667883e-01 -6.277594401408732594e-01 6.128496577674877877e-01
-3.785099225789721356e+00 -3.261465354182154774e-01 -1.058082888510542885e+00 6.060199127006623554e-01
-4.386422965560223375e+00 -7.611038022539906578e-01 -4.005986015542913892e-01 5.868626701318492289e-01
-1.420223130800245759e+00 1.393977741560941785e+00 -8.369927920439805824e-01 1.105471776868053757e+00
-1.237063357141373832e+00 -1.882149296323643861e-01 -5.932832747733187695e-01 1.596345947459397951e+00
-2.683846400309567226e+00 1.443555475445728487e+00 3.394025616298638748e-01 -2.448125404224524848e-01
-1.992034731574180428e+00 1.329355968147649225e+00 1.135257004587580942e+00 2.046374987788527555e+00
-4.659085169643042867e+00 -7.822993207934272331e-01 1.921129142385588906e-01 4.937231527419026489e-01
-2.510117668919860989e+00 3.251318941067921742e+00 -1.687633223455248910e+00 1.190001733544185036e+00
-1.866548857264616279e+00 -9.020639087621070695e-01 -8.711639383420344274e-01 1.028792392604505501e+00
-4.703042195286395888e+00 -4.323029965399728392e-01 5.296051602791724058e-03 -1.370566936402660918e+00
-1.348948677908204941e+00 3.556224660898473111e+00 1.732184742471255534e+00 -4.696298918070569706e-02
-2.059191944256189011e+00 -2.472787649568762625e+00 -1.461716462657554505e+00 1.868070987641434977e+00
-3.228770117335530543e+00 -1.172073549955775063e+00 2.646631930784226761e-01 -1.002939725336265075e+00
-3.159006034055376499e+00 -1.035749687500000515e+00 -1.490688576830182299e+00 -5.931476044038720419e-01
-1.176025917654757835e+00 1.011370529068476909e+00 -7.117624923111394164e-01 1.066040805799712832e+00
-9.341580995240322816e-01 9.277010759393280459e-01 -4.017019281800884856e-02 -1.353368323139486407e+00
1.572931155528056069e+00 6.509098055936870963e+00 2.167139647771230582e+00 3.016434151228336233e-02
-8.598029875694849222e-01 9.684865923251825826e-02 -2.814042696208730820e+00 1.843150041481111390e-01
-3.542905556948807710e+00 -1.282495625892102087e+00 1.018210234766268707e+00 -6.081530464198000585e-01
-1.173830647489498391e+00 -4.748394456421252130e-01 -4.815702035871404774e-01 2.143956527587951744e+00
-1.272111456301945109e+00 5.098334311468857294e-01 -2.238998437682265141e+00 1.672406890658725276e+00
-3.032481141920439605e+00 -6.494687006661543638e-01 3.106841994068796353e-01 5.802759352129360781e-01
-2.223775747791582713e+00 -3.571605152316529863e-01 -1.101679365039040404e+00 1.862099171475051773e-01
-2.202515526589247763e+00 -7.356049794065132597e-01 2.670840107158439225e-01 -3.763715478355936922e-02
-3.492426037723942223e+00 -2.634082360592490790e+00 -7.218698052520407249e-02 -3.079804740456496548e-01
-2.926374385747170681e+00 3.773322327052316405e-01 -8.867945043810190331e-01 -1.153418322569511323e-01
-2.300567828683442784e+00 -9.320769574003718860e-01 -1.129943438083584883e+00 1.452331876592944937e+00
-3.904338147749991439e+00 1.190066421881438075e+00 1.551977833658799266e+00 -9.357610907493509877e-01
-4.237216620731515171e+00 1.842727312033277387e-01 -3.264147027988126837e-01 5.882862616272204193e-01
3.578938592992251255e-01 2.127838904431904599e+00 7.082132021908101871e-01 1.847260662597250136e-01
1.076693292877870967e+00 8.294774009711398222e+00 4.341698509977872100e-01 1.954293711808267275e+00
-2.920833489496040603e+00 -1.700472918361793262e+00 2.957202249450903708e-01 -4.141450357175476826e-01
-3.450488538252797444e+00 -4.982191627210436069e-01 -1.525249711718172918e-01 5.755184072773772419e-01
-2.835890911523877733e+00 -3.987302431822181137e-01 -3.474539831320792027e-01 8.132889452124143492e-01
-7.707436762781174622e-01 -6.410933190840174822e-02 -1.134410561102386472e+00 2.510470788788747409e+00
-4.041835085601818811e+00 -1.356917814360290020e+00 5.383358183642508177e-01 8.339394282433637562e-01
-4.817709649673981853e-01 -1.780196954694976408e-01 1.032107471332764037e+00 -2.010280012412100525e+00
